789
432
458
791
405
450
574
336
400
343
441
350
416
483
485
478
473
417
411
414
452
432
441
409
368
455
404
431
429
400
449
618
552
538
386
439
472
484
341
399
470
386
332
341
583
598
539
406
508
498
492
395
397
435
520
347
561
376
282
427
293
417
517
540
484
472
320
612
583
606
446
433
501
386
559
465
300
537
601
541
439
426
337
249
450
503
342
361
332
354
343
384
399
344
349
342
387
359
338
319
326
319
554
245
279
312
265
344
247
406
317
454
559
570
390
424
403
787
460
663
390
386
355
376
411
481
357
288
304
276
187
184
210
311
290
696
263
407
391
342
430
385
401
509
387
548
404
565
355
314
313
465
361
533
407
684
573
432
428
449
423
424
506
544
209
360
430
369
299
358
284
453
383
314
498
453
455
267
400
546
346
322
516
461
553
492
432
387
366
357
470
466
311
383
334
290
420
305
419
417
515
323
366
366
484
295
375
411
328
313
435
482
647
458
436
465
350
410
427
575
474
413
500
483
333
272
274
252
258
340
253
261
577
523
474
555
470
745
450
334
392
524
451
480
473
457
472
462
428
475
481
539
426
484
465
511
554
397
420
565
375
433
385
404
405
411
377
402
401
400
375
417
380
461
392
407
400
354
420
231
353
374
422
356
364
386
152
379
429
454
506
427
376
459
380
381
374
260
313
290
288
297
290
265
258
268
265
334
336
273
248
230
486
302
283
526
441
295
407
549
475
474
423
445
377
378
491
515
465
435
285
453
457
285
427
452
441
485
464
488
445
449
475
445
463
462
439
440
161
456
511
417
553
446
447
483
305
420
438
463
433
422
506
498
432
450
470
779
429
443
465
434
408
282
436
388
368
385
439
441
160
489
488
424
459
466
387
423
427
468
460
437
370
284
623
502
406
407
666
629
457
438
485
304
535
424
460
437
480
560
488
468
483
466
415
415
279
411
412
427
419
411
416
444
464
486
434
444
498
465
435
519
488
453
473
519
457
490
571
581
437
483
419
229
314
422
259
583
400
386
428
406
374
555
387
427
412
385
382
393
392
428
423
420
435
460
379
398
399
384
439
435
453
403
448
451
435
495
453
395
380
386
421
389
406
374
426
502
499
502
397
396
327
437
412
341
338
269
388
416
384
371
395
388
412
390
393
413
283
451
383
400
270
449
442
468
486
430
300
455
452
423
278
400
379
398
355
389
396
356
390
333
390
408
432
393
261
591
466
357
342
220
346
328
331
347
324
331
352
366
353
366
356
363
343
401
364
455
329
359
424
435
377
337
378
335
250
350
404
335
450
373
363
338
342
380
433
363
368
427
365
383
407
376
388
383
402
410
414
409
363
377
263
386
383
259
354
432
421
